      970        0        1        1        0        2        0        0        1        1
        0     1124        0        1        1        3        0        1        2        0
        0        7      933        3        0        1        1        2        1        0
        0        0        0     1017        0        1        0        0        0        1
        0        1        0        0      987        1        2        1        1        9
        0        0        0        3        0      905        6        0        1        1
        1        2        0        0        2        7      985        0        1        0
        0        3        4        6        0        0        0     1023        0        2
        0        0        1        1        1        2        0        0      955        1
        1        0        0        0        7        0        0        1        4      997

   99.794   98.857   99.361   98.547   98.898   98.156   99.095   99.514   98.861   98.518      


     9896      104    98.96%        
