      972        0        0        0        0        0        0        0        0        0
        0     1137        0        0        0        0        0        0        0        0
        0        0      939        0        0        1        0        0        0        0
        0        0        0     1031        0        0        0        0        0        0
        0        0        0        0      998        0        0        0        0        0
        0        0        0        0        0      921        0        0        0        0
        0        0        0        0        0        0      994        0        0        0
        0        0        0        1        0        0        0     1028        0        0
        0        0        0        0        0        0        0        0      966        0
        0        0        0        0        0        0        0        0        0     1012

      100      100      100   99.903      100   99.892      100      100      100      100      


     9998        2    99.98%        
