      972        0        0        0        0        0        0        0        0        0
        0     1032        0        0        0        0        0        0        0        0
        0        0      980        0        2        0        0        0        0        0
        0        0        0     1000        0        0        0        0        0        0
        0        0        0        0      971        0        0        0        0        0
        0        0        0        0        0      999        0        0        0        0
        0        0        0        0        0        0      961        0        0        0
        0        0        0        0        0        0        0     1046        0        0
        0        0        0        0        0        0        0        0     1012        0
        0        0        0        0        0        0        0        0        0     1025

      100      100      100      100   99.794      100      100      100      100      100      


     9998        2    99.98%        
