      955        0        0        0        0        0        1        0        0        2
        0     1148        1        0        0        1        0        5        0        1
        0        8     1014        8        1        0        0        3        0        1
        0        0        2      999        0        0        0        0        0        2
        0        0        0        0      942        0        2        3        0        4
        0        0        0        3        0      911        2        0        1        2
        1        0        0        0        2        5      992        0        1        0
        0        3        1        6        4        0        0     1045        0        2
        0        1        1        4        1        1        3        0      949        2
        0        0        1        1        4        0        0        2        3      943

   99.895   98.966   99.412   97.845   98.742   99.237     99.2   98.771   99.476   98.332      


     9898      102    98.98%        
