      708       23       54       24       21       15        1       17       35       29
       26      891       12        5        8        1        9        2       24       58
       48        2      576       72       63       75       54       35       14        9
       19        9       71      535       78      142       71       54       25       13
       16        3       43       40      605       27       28       40        3        9
        8        7       84      216       45      658       39       84        9       16
        8        8       64       50       55       28      731        5       13       15
       13        2       33       35       64       53        4      731        5       11
      106       32       18       15       21       10        8       14      885       33
       33       49       14       19        6        8        8       14       19      852

   71.878   86.842   59.443   52.918   62.629     64.7   76.705   73.394   85.756   81.531      


     7172     2828    71.72%        
