      959        4        7        3        2        4        0        1        2        2
        2     1013        4        1        0        0        8        0        3        3
        6        0      919        0        3        8       11        2        3        1
        0        2        8      997       11        5        5        9        5        1
        3        0        6        1      931        5        0        6        0        3
        1        1       10        2        3      982        6       13        3        1
        0        1        7        2        7        2      915        2        2        3
        4        0        5        2        3       10        2      955        1        3
        7        4        2        2        5        0        3        4     1010        3
        3        1        1        1        1        1        3        4        3     1025

    97.36   98.733    94.84   98.615   96.377   96.559   96.013   95.884   97.868   98.086      


     9706      294    97.06%        
