      983        0        0        0        0        0        0        0        0        0
        0     1031        0        0        0        0        0        0        0        0
        0        0     1021        0        0        0        0        0        0        0
        0        0        0      975        0        0        0        0        0        0
        0        0        0        0     1020        0        0        0        0        0
        0        0        0        0        0     1003        0        0        0        0
        0        0        0        0        0        0      989        0        0        0
        0        0        0        0        0        0        0     1020        0        0
        0        0        0        0        0        0        0        0      982        0
        0        0        0        0        0        0        0        0        0      976

      100      100      100      100      100      100      100      100      100      100      


    10000        0      100%        
