      980        0        0        0        0        0        0        0        1        2
        0     1023        0        0        1        1        0        0        0        0
        2        5     1019        0        0        0        0        1        0        0
        0        0        0      973        0        0        0        0        1        0
        0        1        0        0     1016        0        0        0        1        3
        0        0        0        0        0     1001        1        0        4        4
        0        0        0        0        1        1      988        0        1        1
        0        2        1        0        0        0        0     1018        0        3
        0        0        1        1        0        0        0        1      970        0
        1        0        0        1        2        0        0        0        4      963

   99.695   99.224   99.804   99.795   99.608   99.801   99.899   99.804   98.778   98.668      


     9951       49    99.51%        
