      949        0        1        5        9        2        2        2        4        0
        2     1013        3        5        1        1        2        0        2        4
        4        2      983       12        3        3        3        3        0        2
        1        0       10      884        5        7        2        5        1        2
        4        0        3        8      947        7        0        2        0        1
        2        3        5        7        6      930        1        2        1        3
        0        0       11       14        5        4      960        3        0        1
        4        1        9       11       10       10        2     1014        1        2
        7        0        4        4        4        0        2        0      982        3
        5        0        5        7        2        2        2        2        3     1033

   97.035   99.411   95.068   92.372   95.464   96.273   98.361   98.161   98.793   98.287      


     9695      305    96.95%        
